2
6
10
14
18
22
26
30
34
38
42
46
50
54
58
62
70
74
78
82
86
90
94
98
102
106
110
114
118
122
126
130
134
138
142
146
150
154
158
162
166
170
174
178
182
186
190
194
198
202
206
210
214
218
222
226
230
234
238
242
246
250
254
258
262
266
270
274
278
282
286
290
294
298
302
306
310
314
318
322
326
330
334
338
342
346
350
354
358
362
366
370
374
378
382
386
390
402
406
410
414
418
422
426
430
434
438
442
446
450
454
458
462
466
470
474
478
482
486
490
494
498
502
506
510
514
518
522
526
530
534
538
542
546
550
554
558
562
566
570
586
590
594
598
602
606
614
618
622
626
630
634
638
642
646
662
666
670
674
678
702
706
714
722
726
734
738
742
746
758
762
770
778
782
790
794
802
806
810
814
818
822
826
830
834
838
842
846
850
854
858
862
866
870
882
886
890
894
906
914
918
922
926
930
934
938
942
950
954
958
962
966
970
974
978
982
986
990
994
998
1002
1006
1010
1014
1018
1022
1026
1030
1034
1038
1042
1046
1050
1054
1058
1062
1066
1070
1074
1078
1082
1086
1090
1094
1098
1102
1106
1110
1114
1118
1122
1126
1130
1134
1138
1146
1150
1154
1158
1162
1166
1170
1174
1178
1182
1186
1190
1194
1198
1202
1206
1210
1214
1218
1222
1226
1230
1234
1238
1242
1246
1250
1254
1258
1262
1266
1270
1278
1282
1290
1298
1302
1306
1310
1314
1318
1322
1326
1330
1334
1338
1342
1346
1350
1354
1358
1362
1366
1370
1374
1378
1382
1386
1390
1394
1398
1402
1406
1410
1414
1418
1422
1426
1430
1434
1438
1442
1446
1450
1454
1458
1462
1466
1470
1474
1478
1482
1486
1490
1494
1498
1502
1506
1510
1514
1518
1522
1526
1530
1534
1538
1542
1546
1550
1554
1558
1562
1566
1570
1574
1578
1582
1590
1594
1598
1602
1606
1610
1614
1618
