lrp runtime start!
lrp runtime stop!
lrp runtime (ms): 5470.857000
max depth 5
2 1 2 
6 1 2 
10 0 1 
14 1 2 
18 1 2 
22 1 2 
26 2 3 
30 2 3 
34 1 2 
38 1 2 
42 2 3 
46 2 3 
50 1 2 
54 4 
58 4 
62 4 
66 4 
70 4 
74 4 
78 3 
82 3 
86 3 
90 3 
94 3 4 
98 2 3 
102 1 
106 2 
110 1 
114 2 
118 2 
122 1 
126 2 3 
130 2 3 
134 2 3 
138 1 2 
142 1 2 
146 1 2 
150 1 2 
154 1 2 
158 0 1 
162 2 3 
166 2 3 
170 2 3 
174 1 2 
178 1 2 
182 1 2 
186 1 2 
190 1 2 
194 1 2 
198 1 2 
202 1 2 
206 1 2 
210 1 2 
214 1 2 
218 1 2 
222 1 2 
226 1 2 
230 2 3 
234 2 3 
238 2 3 
242 2 3 
246 2 3 
250 2 3 
254 2 3 
258 1 2 
262 2 3 4 
266 1 2 3 
270 2 3 4 
274 1 2 3 
278 2 3 4 
282 1 2 3 
286 2 3 4 
290 1 2 3 
294 1 2 
298 1 2 
302 1 2 
306 1 2 
310 1 2 
314 1 2 
318 1 2 
322 1 2 
326 1 2 
330 1 2 
334 0 1 
338 2 
342 2 
346 1 
350 1 
354 1 
358 0 
362 1 
366 2 
370 2 
374 1 
378 1 
382 1 
386 0 
390 1 
394 1 
398 1 
402 1 
406 1 
410 1 
414 1 
418 0 
422 1 
426 1 
430 0 
434 0 
438 1 2 
442 1 2 
446 0 1 
450 1 2 
454 1 2 
458 1 
462 1 
466 1 
470 2 
474 1 
478 2 
482 1 
486 1 
490 2 
494 1 
498 2 
502 1 
506 1 
510 2 
514 2 
518 1 
522 2 
526 2 
530 1 
534 1 
538 1 
550 0 
554 0 
570 2 
574 0 1 2 3 4 
578 0 1 2 3 
582 1 2 3 
586 1 2 3 
590 1 2 3 
594 2 
598 2 
602 1 2 3 
610 1 
614 0 
618 2 3 4 
622 1 2 3 
626 1 2 
