2
6
10
14
18
22
26
30
34
38
42
46
50
54
58
62
66
70
74
78
82
86
90
94
98
102
106
110
114
118
122
126
130
134
138
142
146
150
154
158
162
166
170
174
178
182
190
194
198
202
210
214
218
222
226
234
238
242
246
250
254
258
262
266
270
274
278
282
286
290
294
298
302
306
310
314
318
322
326
330
334
338
342
370
374
386
414
418
430
434
438
442
446
450
454
458
462
466
470
474
478
482
486
490
510
514
518
522
530
534
542
570
574
578
582
586
590
594
602
606
614
618
630
634
662
666
674
678
682
686
690
694
698
702
706
710
714
718
722
726
730
734
738
742
746
750
754
758
762
766
770
774
778
782
786
790
794
798
822
826
858
862
874
878
882
886
890
894
898
902
906
910
914
918
922
926
930
934
938
942
946
950
954
958
962
966
970
974
978
982
986
990
994
998
1002
1006
1010
1014
1018
1022
1026
1030
1034
1038
1042
1046
1050
1054
1058
1062
1066
1070
1074
1078
1082
1086
1090
1094
1098
1102
1106
1110
1114
1118
1122
1126
1130
1134
1138
1142
1146
1150
1162
1174
1186
1190
1194
1206
1218
1222
1226
1230
1234
1238
1242
1246
1254
1262
1266
1270
1282
1286
1290
1294
1298
1302
1306
1310
1314
1318
1322
1326
1330
1334
1338
1342
1346
1350
1354
1362
1366
1370
1374
1378
1382
1386
1390
1394
1398
1402
1410
1414
1426
1430
1438
1442
1450
1454
1462
1466
1478
1482
1486
1518
1522
1526
1538
1546
1550
1554
1558
1566
1570
1578
1582
1602
1610
1626
1638
1654
1666
1678
1682
1686
1690
1694
1698
1702
1706
1710
1714
1718
1722
1726
1730
1734
1738
1742
1746
1750
1754
1762
1766
1774
1778
1786
1790
1798
1802
1810
1814
1822
1826
1834
1838
1842
1846
1850
1854
1858
1862
1866
1870
1874
1878
1882
1886
1890
1894
1898
1902
1906
1910
1914
1918
1922
1926
1930
1934
1938
1942
1946
1950
1954
1958
1962
1966
1970
1974
1978
1982
1986
1990
1994
1998
2002
2006
2010
2014
2018
2022
2026
2030
2034
2038
2042
2046
2050
2054
2058
2062
2066
2070
2074
2078
2082
2086
2090
2094
2098
2102
2106
2110
2114
2118
2122
2126
2130
2134
2138
2142
2146
2150
2154
2158
2162
2166
2170
2174
2178
2182
2186
2190
2194
2198
2202
2206
2210
2214
2218
2222
2226
2230
2234
2238
2242
2246
2250
2254
2258
2262
2266
2270
2274
2278
2282
2286
2290
2294
2298
2302
2306
2310
2314
2318
2322
2326
2330
2334
2338
2342
2346
2350
2354
2358
2362
2366
2370
2374
2378
2382
2386
2390
2394
2398
2402
2406
2410
2414
2418
2422
2426
2430
2434
2438
2442
2446
2450
2454
2458
2462
2466
2470
2474
2478
2482
2486
2490
2494
2498
2502
2506
2510
2514
2518
2522
2526
2530
2534
2538
2542
2546
2550
2554
2558
2562
2566
2570
2574
2578
2582
2586
2590
2594
2598
2602
2606
2610
2614
2618
2622
2626
2630
2634
2638
2642
2646
2650
2654
2658
2662
2666
2670
2674
2678
2686
2694
2698
2702
2706
2714
2718
2722
2726
2730
2734
2738
2742
2750
2754
2758
2762
2766
2770
2774
2778
2782
2786
2790
2794
2802
2806
2810
2814
2818
2822
2826
2834
2846
2850
2854
2858
2866
2870
2882
2890
2902
2906
2910
2914
2922
2926
2938
2942
2946
2950
2954
2958
2962
2966
2970
2974
2978
2982
2986
2990
2994
2998
3002
3010
3018
3022
3026
3030
3034
3038
3042
3046
3054
3066
3070
3074
3078
3082
3086
3090
3094
3098
3102
3106
3110
3114
3118
3122
3130
3134
3138
3142
3146
3150
3154
3158
3162
3166
3170
3174
3186
3190
3198
3206
3210
3214
3218
3222
3226
3230
3234
3238
3242
3246
3250
3254
3258
3262
3266
3270
3274
3278
3282
3286
3290
3294
3298
3302
3306
3310
3314
3318
3322
3326
3330
3334
3338
3342
3346
3350
3354
3358
3362
3366
3370
3374
3378
3382
3386
3390
3394
3398
3402
3406
3410
3414
3418
3422
3426
3430
3434
3438
3442
3446
3450
3454
3458
3462
3466
3470
3474
3478
3482
3486
3490
3494
3498
3502
3506
3510
3514
3518
3522
3526
3530
3534
3538
3542
3546
3550
3554
3558
3562
3566
3570
3574
3578
3582
3586
3590
3594
3598
3602
3606
3610
3614
3618
3622
3626
3630
3634
3638
3642
3646
3650
3654
3658
3662
3666
3670
3674
3678
3682
3686
3690
3694
3698
3702
3706
3710
3714
3718
3722
3726
3730
3734
3738
3742
3746
3750
3754
3758
3762
3766
3770
3774
3778
3782
3786
3790
3794
3798
3802
3806
3810
3814
3818
3822
3826
3830
3834
3838
3842
3846
3850
3854
3858
3862
3866
3870
3874
3878
3882
3886
3890
3894
3898
3902
3906
3910
3914
3918
3922
3926
3930
3934
3938
3942
3946
3950
3954
3958
3962
3966
3970
3974
3978
3982
3986
3990
3994
3998
4002
4006
4010
4014
4018
4022
4026
4030
4034
4038
4042
4046
4050
4054
4058
4062
4098
4102
4106
4110
4118
4126
4130
4134
4138
4142
4146
4150
4154
4158
4162
4166
4170
4174
4178
4182
4186
4190
4194
4198
4202
4206
4210
4214
4218
4222
4226
4230
4234
4238
4242
4246
4250
4254
4258
4262
4266
4270
4274
4278
4282
4286
4290
4294
4298
4302
4306
4310
4314
4318
4322
4326
4330
4334
4338
4342
4346
4350
4354
4358
4362
4366
4370
4374
4378
4382
4386
4390
4394
4398
4402
4406
4410
4414
4418
4422
4426
4430
4434
4438
4442
4446
4450
4454
4458
4462
4466
4470
4474
4478
4482
4486
4490
4494
4498
4502
4506
4510
4514
4518
4522
4526
4530
4534
4538
4542
4546
4550
4554
4558
4562
4566
4570
4574
4578
4582
4586
4590
4594
4598
4602
4606
4614
4630
4638
4642
4650
4654
4658
4662
4666
4670
4674
4678
4686
4690
4694
4698
4702
4706
4710
4714
4718
4722
4726
4730
4734
4738
4742
4746
4750
4754
4758
4778
4798
4818
4822
4826
4838
4850
4862
4870
4874
4878
4882
4886
4890
4894
4898
4902
4906
4910
4914
4918
4922
4926
4930
4938
4942
4946
4950
4954
4958
4962
4966
4970
4974
4982
4986
4990
4994
4998
5006
5010
5014
5018
5026
5030
5034
5038
5042
5046
5050
5054
5058
5062
5066
5070
5074
5082
5086
5090
5098
5106
5110
5134
5138
5146
5150
5158
5162
5170
5174
5230
5238
5246
5254
5258
5262
5266
5270
5274
5278
5286
5290
5294
5298
5306
5310
5322
5330
5334
5338
5342
5346
5350
5354
5358
5362
5370
5374
5382
5390
5402
5406
5414
5418
5422
5426
5434
5446
5458
5466
5470
5482
5490
5494
5498
5506
5510
5514
5518
5522
5530
5538
5554
5558
5562
5566
5570
5574
5578
5586
5590
5594
5598
5602
5606
5610
5618
5622
5626
5630
5634
5638
5642
5650
5654
5658
5662
5666
5670
5674
5682
5686
5690
5694
5698
5702
5706
5714
5718
5722
5742
5758
5806
5810
5814
5818
5822
5826
5830
5834
5838
5842
5846
5850
5854
5858
5862
5866
5870
5874
5878
5882
5886
5890
5894
5898
5902
5906
5910
5914
5918
5922
5926
5930
5934
5938
5942
5946
5950
5954
5958
5962
5966
5970
5974
5978
5982
5986
5990
5994
5998
6006
6010
6014
6018
6038
6042
6054
6070
6086
6094
6106
6114
6122
6126
6130
6134
6138
6142
6146
6150
6154
6158
6162
6166
6194
6198
6202
6206
6210
6214
6222
6226
6230
6234
6266
6270
6274
6278
6294
6298
6302
6306
6310
6314
6318
6322
6330
6334
6338
6342
6346
6350
6354
6358
6362
6366
6370
6382
6386
6390
6394
6398
6402
6406
6410
6414
6418
6422
6426
6430
6434
6438
6442
6446
6450
6454
6458
6462
6466
6470
6474
6478
6482
6486
6490
6494
6498
6502
6506
6510
6514
6518
6522
6526
6534
6538
6546
6550
6554
6558
6562
6566
6570
6574
6578
6582
6586
6590
6594
6598
6602
6606
6610
6614
6618
6622
6626
6630
6634
6638
6642
6646
6650
6654
6658
6662
6666
6670
6674
6678
6682
6686
6690
6694
6698
6702
6706
6710
6714
6718
6722
6730
6734
6738
6742
6782
6786
6790
6794
6798
6802
6806
6810
6814
6818
6822
6826
6830
6834
6838
6842
6846
6850
6854
6858
6862
6866
6870
6874
6878
6882
6886
6890
6898
6910
6914
6918
6930
6934
6938
6942
6946
6950
6954
6958
6962
6966
6970
6974
6978
6982
6986
6990
6994
6998
7002
7006
7010
7014
7018
7022
7026
7030
7034
7038
7042
7046
7050
7054
7058
7062
7066
7070
7074
7078
7082
7086
7090
7094
7098
7102
7106
7110
7114
7118
7122
7126
7130
7134
7150
7154
7158
7166
7170
7174
7178
7182
7186
7190
7210
7218
7238
7246
7266
7274
7282
7302
7310
7318
7322
7326
7330
7334
7338
7342
7346
7350
7354
7358
7362
7366
7370
7374
7378
7382
7386
7390
7394
7398
7402
7406
7410
7418
7426
7434
7442
7446
7454
7458
7462
7466
7470
7474
7478
7482
7486
7490
7494
7498
7502
7506
7510
7514
7518
7522
7526
7530
7534
7538
7542
7546
7550
7554
7558
7562
7566
7570
7574
7578
7582
7586
7590
7594
7598
7602
7606
7610
7614
7618
7622
7626
7630
7634
7638
7642
7646
7650
7654
7658
7662
7666
7670
7674
7678
7682
7686
7690
7694
7698
7702
7706
7710
7714
7718
7722
7726
7730
7734
7738
7742
7746
7750
7754
7758
7762
7766
7770
7774
7778
7782
7786
7790
7794
7798
7802
7806
7810
7814
7818
7822
7826
7830
7834
7838
7842
7846
7850
7854
7858
7862
7866
7870
7874
7878
7882
7886
7890
7894
7898
7902
7906
7910
7914
7918
7922
7926
7930
7934
7942
7946
7950
7954
7958
7962
7966
7970
7974
7978
7982
7986
7990
7994
7998
8002
8006
8010
8014
8018
8022
8026
8030
8034
8038
8042
8046
8050
8054
8058
8062
8066
8070
8074
8078
8082
8086
8090
8094
8098
8102
8106
8110
8114
8118
8122
8126
8130
8134
8138
8142
8146
8150
8154
8158
8166
8170
8174
8178
8182
8186
8190
8194
8198
8202
8206
8210
8214
8218
8222
8226
8230
8234
8238
8242
8246
8250
8254
8258
8262
8266
8270
8274
8278
8282
8286
8290
8294
8298
8302
8306
8310
8314
8318
8322
8326
8330
8334
8338
8342
8346
8350
8354
8358
8362
8366
8370
8374
8378
8382
8386
8390
8394
8402
8406
8410
8414
8418
8422
8426
8430
8434
8438
8442
8446
8450
8454
8458
8462
8466
8470
8474
8478
8482
8486
8490
8494
8498
8502
8506
8510
8514
8518
8522
8526
8530
8534
8538
8542
8546
8550
8554
8558
8562
8566
8570
8574
8578
8582
8586
8590
8594
8598
8602
8606
8610
8614
8618
8622
8626
8630
8634
8638
8642
8646
8650
8654
8658
8662
8666
8670
8674
8678
8682
8686
8690
8694
8710
8714
8718
8722
8726
8730
8734
8738
8742
8746
8750
8754
8758
8762
8766
8770
8774
8778
8782
8786
8790
8794
8798
8802
8806
8810
8814
8818
8822
8826
8830
8834
8838
8842
8846
8850
8854
8858
8862
8866
8870
8874
8878
8882
8886
8890
8894
8898
8902
8906
8910
8914
8918
8922
8926
8930
8934
8938
8942
8946
8950
8954
8958
8962
8966
8970
8974
8978
8982
8986
8990
8994
8998
9002
9006
9010
9014
9018
9022
9026
9030
9034
9038
9042
9046
9050
9054
9058
9062
9066
9070
9074
9078
9082
9086
9090
9094
9098
9102
9106
9110
9114
9118
9122
9126
9130
9134
9138
9142
9146
9150
9154
9158
9162
9166
9170
9174
9178
9182
9186
9190
9194
9198
9202
9206
9210
9218
9222
9226
9230
9234
9238
9242
9246
9250
9254
9258
9262
9266
9270
9274
9290
9294
9314
9318
9330
9334
9338
9342
9346
9350
9354
9358
9362
9366
9370
9374
9378
9382
9386
9390
9394
9398
9402
9406
9410
9414
9430
9434
9438
9442
9446
9450
9454
9458
9462
9466
9470
9474
9478
9482
9486
9490
9494
9498
9502
9510
9514
9518
9522
9530
9534
9542
9546
9550
9554
9562
9566
9570
9574
9578
9582
9586
9590
9594
9598
9602
9610
9618
9626
9630
9634
9638
9642
9646
9650
9654
9658
9662
9666
9674
9678
9682
9686
9690
9694
9698
9702
9706
9710
9714
9718
9722
9726
9730
9734
9738
9742
9746
9750
9754
9758
9770
9774
9778
9782
9786
9790
9794
9798
9802
9806
9810
9814
9818
9822
9826
9830
9834
9838
9842
9846
9850
9854
9858
9862
9866
9870
9874
9878
9882
9886
9890
9898
9906
9910
9914
9918
9922
9926
9930
9934
9942
9946
9950
9954
9958
9962
9966
9970
9974
9978
9982
9990
9994
9998
10002
10006
10010
10014
10018
10026
10030
10038
10042
10046
10050
10058
10062
10066
10070
10074
10082
10086
10090
10094
10098
10106
10110
10114
10122
10126
10134
10138
10146
10150
10154
10166
10170
10182
10190
10194
10206
10210
10222
10230
10234
10238
10250
10254
10266
10274
10278
10286
10290
10294
10298
10302
10310
10314
10318
10322
10326
10330
10334
10338
10342
10346
10350
10354
10358
10362
10366
10370
10374
10378
10382
10386
10390
10394
10398
10402
10406
10410
10414
10418
10422
10426
10430
10434
10438
10442
10446
10450
10454
10458
10462
10466
10470
10474
10486
10490
10498
10502
10506
10510
10514
10518
10522
10526
10530
10534
10538
10542
10546
10550
10554
10558
10562
10566
10570
10574
10578
10582
10586
10590
10594
10598
10602
10606
10610
10614
10618
10622
10626
10630
10634
10638
10642
10646
10650
10654
10658
10662
10666
10670
10702
10706
10710
10714
10718
10722
10726
10730
10734
10738
10742
10746
10758
10762
10766
10770
10774
10778
10782
10786
10790
10794
10798
10802
10806
10810
10814
10818
10822
10826
10830
10834
10838
10842
10846
10850
10854
10858
10862
10866
10914
10918
10922
10926
10930
10934
10938
10942
10946
10954
10958
10962
10966
10970
10990
11050
11058
11066
11074
11078
11082
11086
11090
11094
11098
11102
11106
11110
11114
11118
11122
11126
11130
11134
11138
11142
11146
11154
11158
11162
11166
11170
11174
11178
11182
11218
11222
11226
11230
11234
11238
11242
11246
11250
11254
11258
11262
11266
11270
11274
11294
11298
11318
11322
11326
11330
11338
11350
11358
11382
11390
11394
11398
11402
11406
11410
11414
11418
11422
11426
11430
11434
11510
11514
11518
11522
11526
11530
11534
11538
11542
11550
11574
11578
11582
11586
11590
11594
11598
11602
11606
11610
11614
11618
11622
11626
11630
11634
11638
11642
11650
11658
11666
11706
11714
11722
11730
11738
11742
11746
11750
11754
11758
11770
11774
11782
11790
11794
11798
11810
11814
11822
11826
11830
11834
11838
11842
11846
11850
11854
11858
11866
11870
11878
11882
11886
11890
11894
11898
11902
11906
11910
11914
11918
11922
11926
11930
11934
11938
11942
11946
11950
11958
11962
11966
11970
11994
11998
12010
12014
12026
12030
12034
12038
12042
12046
12050
12062
12066
12078
12086
12090
12094
12098
12102
12106
12110
12114
12118
12122
12126
12130
12134
12138
12142
12146
12150
12154
12158
12162
12166
12170
12174
12178
12182
12186
12190
12194
12198
12202
12206
12210
12214
12218
12222
12226
12230
12234
12242
12246
12250
12254
12258
12262
12266
12270
12274
12278
12294
12302
12310
12318
12322
12326
12330
12334
12338
12342
12346
12350
12354
12358
12362
12366
12370
12374
12378
12382
12386
12390
12394
12406
12430
12442
12446
12458
12462
12466
12470
12474
12478
12482
12486
12490
12494
12498
12502
12506
12510
12514
12518
12522
12526
12530
12534
12538
12542
12546
12550
12554
12558
12562
12566
12570
12574
12578
12582
12586
12590
12594
12598
12602
12606
12610
12642
12646
12650
12654
12658
12662
12666
12670
12674
12678
12682
12686
12690
12694
12698
12702
12706
12710
12714
12718
12722
12726
12730
12734
12738
12742
12746
12750
12754
12758
12762
12766
12770
12774
12778
12782
12786
12790
12794
12798
12802
12806
12810
12814
12818
12822
12826
12830
12834
12838
12842
12846
12850
12854
12858
12862
12874
12878
12882
12886
12890
12894
12898
12910
12914
12918
12926
12930
12938
12950
12954
12958
12962
12966
12970
12978
12990
12994
12998
13002
13006
13010
13018
13026
13030
13046
13050
13058
13066
13070
13078
13090
13094
13098
13102
13106
13110
13114
13118
13122
13126
13130
13134
13138
13142
13146
13150
13154
13158
13162
13166
13170
13174
13178
13182
13186
13190
13194
13198
13202
13206
13210
13214
13218
13222
13226
13230
13234
13238
13242
13246
13250
13254
13258
13262
13266
13270
13274
13278
13282
13286
13290
13294
13298
13302
13306
13310
13314
13318
13322
13326
13330
13334
13338
13342
13346
13350
13354
13358
13362
13366
13370
13374
13378
13382
13386
13390
13394
13398
13402
13406
13410
13414
13418
13422
13426
13430
13434
13438
13442
13446
13450
13454
13458
13462
13466
13470
13474
13478
13482
13486
13490
13494
13498
13502
13506
13510
13514
13518
13522
13526
13530
13534
13538
13542
13546
13550
13554
13558
13562
13566
13570
13574
13578
13582
13586
13590
13594
13598
13602
13606
13610
13614
13618
13622
13626
13630
13634
13638
13650
13654
13658
13662
13666
13670
13674
13678
13682
13686
13690
13694
13698
13702
13706
13710
13714
13718
13722
13726
13730
13734
13738
13742
13746
13750
13770
13774
13778
13790
13794
13798
13802
13806
13810
13814
13818
13822
13826
13830
13834
13838
13842
13846
13850
13854
13858
13862
13866
13870
13874
13878
13882
13886
13890
13910
13914
13918
13922
13926
13930
13934
13938
13942
13946
13950
13954
13958
13962
13966
13970
13974
13978
13982
13986
13990
13994
13998
14002
14006
14010
14014
14018
14022
14026
14030
14038
14042
14054
14058
14062
14074
14078
14082
14086
14102
14106
14110
14114
14118
14122
14130
14134
14138
14142
14146
14150
14154
14158
14162
14166
14170
14174
14178
14182
14186
14190
14194
14198
14202
14206
14210
14214
14218
14226
14234
14238
14242
14246
14250
14254
14258
14262
14266
14270
14274
14282
14290
14294
14298
14302
14306
14310
14314
14318
14322
14326
14330
14338
14346
14350
14354
14358
14362
14366
14370
14378
14386
14390
14394
14398
14402
14406
14410
14414
14418
14422
14426
14430
14438
14442
14446
14450
14454
14458
14462
14466
14470
14474
14478
14486
14494
14498
14502
14506
14510
14514
14518
14522
14526
14530
14534
14542
14550
14554
14558
14562
14566
14570
14574
14578
14582
14586
14590
14598
14606
14610
14614
14618
14622
14626
14630
14634
14638
14642
14646
14654
14662
14666
14670
14674
14678
14682
14686
14690
14694
14698
14702
14706
14710
14714
14718
14722
14726
14730
14734
14738
14742
14746
14750
14754
14758
14762
14766
14770
14774
14778
14782
14786
14790
14794
14798
14802
14806
14810
14814
14818
14822
14826
14830
14834
14838
14842
14846
14850
14854
14858
14862
14866
14870
14874
14878
14882
14886
14890
14894
14898
14902
14906
14910
14914
14918
14922
14926
14930
14934
14938
14942
14946
14950
14954
14958
14966
14970
14974
14978
14982
14986
14994
14998
15006
15018
15026
15030
15038
15042
15050
15054
15062
15066
15074
15078
15086
15090
15098
15102
15106
15114
15118
15122
15130
15134
15154
15158
15178
15182
15186
15190
15194
15198
15202
15206
15210
15214
15218
15222
15226
15230
15234
15238
15242
15246
15254
15258
15262
15266
15270
15274
15278
15282
15290
15294
15298
15302
15306
15310
15314
15318
15322
15326
15330
15334
15338
15342
15346
15350
15358
15366
15370
15374
15422
15426
15430
15434
15438
15442
15446
15450
15454
15458
15462
15466
15470
15474
15478
15482
15486
15490
15494
15498
15502
15506
15510
15514
15518
15522
15526
15530
15534
15538
15542
15546
15550
15554
15558
15566
15570
15574
15578
15582
15586
15590
15594
15606
15610
15614
15622
15626
15630
15634
15642
15646
15650
15654
15658
15662
15666
15670
15674
15678
15682
15686
15690
15694
15710
15714
15718
15722
15726
15730
15734
15738
15742
15746
15750
15754
15758
15762
15766
15770
15774
15778
15786
15790
15794
15798
15802
15810
15814
15818
15822
15826
15846
15850
15854
15858
15862
15866
15870
15874
15878
15882
15886
15890
15894
15898
15902
15906
15910
15914
15918
15922
15926
15930
15942
15946
15950
15954
15958
15962
15966
15970
15974
15978
15982
15986
15990
15994
15998
16002
16006
16010
16014
16018
16022
16026
16030
16034
16038
16042
16046
16050
16054
16058
16062
16066
16070
16074
16078
16082
16094
16098
16102
16106
16110
16114
16118
16122
16126
16130
16134
16138
16142
16146
16150
16154
16158
16162
16166
16170
16174
16178
16182
16186
16190
16194
16198
16202
16206
16210
16214
16218
16222
16226
16230
16234
16238
16250
16254
16258
16262
16266
16270
16274
16278
16282
16286
16290
16294
16298
16302
16306
16310
16314
16318
16322
16326
16330
16334
16338
16342
16346
16350
16354
16358
16362
16366
16370
16374
16378
16382
16390
16398
16406
16414
16418
16426
16438
16458
16462
16466
16470
16474
16478
16482
16486
16490
16494
16502
16506
16514
16518
16526
16530
16538
16542
16570
16574
16578
16582
16586
16590
16594
16598
16602
16606
16610
16614
16618
16622
16626
16630
16634
16638
16642
16646
16650
16654
16658
16662
16666
16670
16674
16678
16682
16686
16690
16694
16702
16706
16710
16714
16718
16722
16734
16738
16746
16750
16754
16762
16766
16770
16774
