119
0
102
102
170 1
174 1
178 1
190 1
194 1
198 1
334 1
338 1
522 1
2654 1
2658 1
2662 1
2686 1
2706 1
2718 1
2730 1
2750 1
2986 1
2990 1
5458 1
7890 1
7942 1
7946 1
8026 1
8054 1
8150 1
8166 1
8170 1
8250 1
8278 1
8390 1
9062 1
9066 1
9222 1
9802 1
9826 1
9838 1
12322 1
12338 1
12378 1
13138 1
13170 1
13178 1
13186 1
13398 1
13434 1
13446 1
14190 1
14214 1
14986 1
14998 1
15006 1
15018 1
15942 1
15950 1
15958 1
15962 1
15966 1
15974 1
15978 1
15982 1
15986 1
16002 1
16030 1
16034 1
16038 1
16094 1
16098 1
16102 1
16106 1
16110 1
16114 1
16118 1
16122 1
16126 1
16130 1
16134 1
16138 1
16154 1
16182 1
16186 1
16190 1
16194 1
16250 1
16254 1
16258 1
16262 1
16266 1
16270 1
16274 1
16278 1
16282 1
16286 1
16290 1
16294 1
16310 1
16314 1
16342 1
16346 1
16354 1
16366 1
16382 1
